2	1	4000	0	0.63699	-0.21837	0.03486	-0.26952
2	2	4000	0.16	0.59136	-0.21837	-0.4625	-0.54108
2	3	4000	0	-0.65268	-0.27436	-0.79197	-1.65452
2	4	4000	0	-0.81449	-0.32579	0.28159	-0.77854
2	5	4000	0	-0.51808	-0.27436	0.1216	0.53121
2	6	4000	0	-0.9727	-0.21837	0.84939	-0.73081
2	7	4000	0	-0.53183	-0.21837	-0.23986	-0.66917
2	8	4000	0	-0.55923	-0.21837	-0.46071	-1.16708
2	9	4000	0	-0.23096	-0.21837	-0.44734	-0.01803
2	10	4000	0	0.59397	-0.2269	1.27775	-0.36101
2	11	4000	0	0.65268	-0.32483	-0.35344	-0.31181
2	12	4000	0	0.89304	-0.2482	0.51161	-0.19291
2	13	4000	0	0.18716	-0.32483	-0.24539	-0.696
2	14	4000	0	0.87051	-2.8332	-0.52291	-0.4273
2	15	4000	0	0	-2.8332	1.24856	-0.42452
2	16	4000	0.64	0.28103	-0.27436	-0.70741	-0.82362
2	17	4000	0	-0.80209	-0.29937	-0.82103	-0.35382
2	18	4000	0	-0.36704	-0.21953	0.09968	0.29935
2	19	4000	0	-0.90941	-2.8332	-0.45584	-1.14887
2	20	4000	0	-0.67675	-0.37128	0.6954	0.77056
2	21	4000	0	0.69395	-0.27436	1.36794	-0.66043
2	22	4000	0	-1.19458	-0.29734	0.26545	-0.70181
2	23	4000	0	0.65268	-0.24742	0.10487	-0.1286
2	24	4000	0	0.48246	-0.21953	0.6483	-0.14867
2	25	4000	0	-1.023	-0.2482	-0.27407	1.5343
2	26	4000	0	0.06141	-0.27436	-1.05892	-0.63471
2	27	4000	0	0.32162	-0.45973	-0.85137	-0.39264
2	28	4000	0.13	-0.09405	-0.37218	-1.36394	-0.51107
2	29	4000	0.03	0.44388	-0.21837	-0.74999	-0.82185
2	30	4000	0	-0.78001	-0.32579	0.1996	-0.03838
2	31	4000	0	-0.64159	-0.24742	0.2697	-1.24255
3	1	4000	0.13	-0.93077	1.99415	0.48256	-0.14364
3	2	4000	0.59	-1.93649	2.46735	-0.46276	-0.70984
3	3	4000	0.2	0.21354	0.99417	-0.07347	-1.07683
3	4	4000	0	-0.68143	0.74837	0.72532	-1.21114
3	5	4000	0.12	-0.45849	0.1791	0.54508	-0.26129
3	6	4000	0.11	-0.92962	0.72026	-0.80829	-1.56719
3	7	4000	0.05	-0.5	-0.38029	2.73861	-0.49487
3	8	4000	0.09	-0.54115	0.75911	1.68873	-0.27279
3	9	4000	0	-1.31618	0.13711	1.01721	-0.32818
3	10	4000	0.11	-0.76125	1.34674	1.67185	-0.44226
3	11	4000	0.27	-1.05915	0.68158	0.60858	0.06521
3	12	4000	0.27	-0.68143	1.439	1.57558	-0.15954
3	13	4000	0.16	-1.07264	-0.05061	1.06042	-0.95054
3	14	4000	0.04	-0.86692	1.8592	-0.82168	-0.30153
3	15	4000	0.09	-1.12412	0.56487	1.78141	0.30426
3	16	4000	0.51	-3.13104	1.30805	0.14781	-0.43082
3	17	4000	0.28	-0.08119	0.83167	0.73223	-0.30927
3	18	4000	0.06	-0.68819	1.31421	0.98907	-0.0378
3	19	4000	0.16	-0.08665	-0.59052	-1.12024	-0.44173
3	20	4000	0.13	-0.64929	-1.16374	1.89938	-0.61138
3	21	4000	0.13	-0.18271	2.37636	0.3123	0.92176
3	22	4000	0.15	-0.2376	0.54981	0.72492	-0.59514
3	23	4000	0.04	-1.15036	2.2825	2.45678	0.04213
3	24	4000	0.01	-1.24216	3.26007	-0.01404	-0.887
3	25	4000	0.39	-1.08734	5.2913	0.45846	-1.56079
3	26	4000	0.09	-1.08734	-0.32641	1.02742	-0.35216
3	27	4000	0.16	-1.2018	-0.76291	1.02958	-0.28019
3	28	4000	0.5	-2.45877	1.36642	-0.26957	0.23191
3	29	4000	0.15	-0.4646	1.46381	0.08311	-0.44044
3	30	4000	0.08	-0.82041	2.90691	0.71988	-0.47526
3	31	4000	0.09	-0.58225	-0.89145	1.45001	-0.12645
4	1	4000	0	-0.93077	-0.14623	0.04826	-0.06105
4	2	4000	0	-1.93649	0.23878	-0.74041	-0.46724
4	3	4000	0	-0.55522	1.15884	-1.06528	-0.23996
4	4	4000	0	-0.68143	-0.81799	-0.21847	-0.60509
4	5	4000	0	-0.45849	0.69651	-0.598	-0.06626
4	6	4000	0	-0.92962	0.40739	-0.05574	0.36672
4	7	4000	0	-0.5	0.92357	-1.14109	-1.14308
4	8	4000	0	-0.54115	1.23661	-0.89826	0.04191
4	9	4000	0	-1.31618	1.6294	-1.86621	-0.44574
4	10	4000	0	-0.76125	1.1345	0.14427	-1.3186
4	11	4000	0	-1.05915	-0.16647	0	-0.19411
4	12	4000	0	-0.68143	0.5824	-0.38031	-0.1956
4	13	4000	0.09	-0.10726	1.51703	0.53021	-0.65565
4	14	4000	0	-0.86692	0.66143	-0.07281	-0.11428
4	15	4000	0	-1.12412	-0.22158	-0.40842	-0.08582
4	16	4000	0	-3.13104	1.01158	-0.29562	-0.86296
4	17	4000	0	-0.81187	1.39009	-1.04487	-0.17481
4	18	4000	0	-0.68819	-0.30388	0.32969	-0.62896
4	19	4000	0	-0.08665	1.98789	-0.7287	0.29008
4	20	4000	0	-0.64929	2.26122	-0.53478	-1.26029
4	21	4000	0	-0.18271	0.07312	-1.07569	-0.42077
4	22	4000	0	-0.2376	-0.285	-0.8636	0.38323
4	23	4000	0	-1.15036	1.87062	-0.45896	-0.82033
4	24	4000	0	-0.44363	0.95403	-0.01404	-0.41748
4	25	4000	0	-1.08734	0.3136	0.2384	-0.81167
4	26	4000	0	-1.97698	0.74183	-0.30305	-0.00579
4	27	4000	0	-0.44277	-0.14433	-1.18798	0.43874
4	28	4000	0.12	-2.45877	1.21885	-1.38934	0.18833
4	29	4000	0	-1.22485	1.13133	-0.66489	-0.73764
4	30	4000	0	-0.82041	1.79023	-1.24344	0.16475
4	31	4000	0	-0.58225	0.0874	-0.75564	-0.63528
5	1	4000	0	-0.15152	0.14301	-0.82036	-1.70093
5	2	4000	0	-1.93649	-1.16204	-0.32393	-1.24809
5	3	4000	0	-0.55522	3.90348	-1.39588	-0.29146
5	4	4000	0	-0.68143	1.50023	-0.53307	0.70802
5	5	4000	0	-0.45849	1.41291	-0.78852	-0.71636
5	6	4000	0	-0.92962	1.58067	-0.55744	-0.80197
5	7	4000	0	-0.5	0.96703	0.22822	-0.89574
5	8	4000	0	-0.54115	0.94276	-1.67436	-1.58405
5	9	4000	0	-1.31618	0.99805	0.72886	-1.46099
5	10	4000	0	0.0692	0.61905	-1.68883	-1.3186
5	11	4000	0	-0.21183	0.68158	-1.21716	-0.64914
5	12	4000	0	-0.68143	0.86793	-0.1009	-0.50314
5	13	4000	0	-1.07264	0.24597	-1.06042	-0.67749
5	14	4000	0	-0.86692	1.09263	-1.19612	-0.48877
5	15	4000	0	-1.12412	0.28399	0.21724	-0.99971
5	16	4000	0	-3.13104	0.41863	0.59124	-0.61172
5	17	4000	0	-0.08119	-0.37109	-1.04487	-0.35153
5	18	4000	0	-1.67919	-0.16318	-1.64845	-0.44505
5	19	4000	0	-0.86646	0.51451	-1.12024	0.66264
5	20	4000	0	-0.64929	0.9157	0.79295	-1.12545
5	21	4000	0	-0.18271	0.48441	-0.1041	0.40054
5	22	4000	0	-0.2376	0.03815	-0.18281	-1.11694
5	23	4000	0	-0.14029	1.08119	-0.65334	-0.93835
5	24	4000	0	-0.44363	1.15029	-1.02503	-1.34585
5	25	4000	0	-0.1977	0.14255	-1.9622	0.31201
5	26	4000	0	-1.08734	2.0292	-0.56915	-0.79434
5	27	4000	0	-0.44277	2.57739	0.0792	1.00202
5	28	4000	0.1	-2.45877	-0.69961	0.85019	0.68951
5	29	4000	0	-0.4646	1.46381	-1.41289	-1.31911
5	30	4000	0	-0.82041	0.03545	-0.45811	-0.3492
5	31	4000	0	-0.58225	0.78657	-0.02042	-1.79673
9	1	4000	0	0.62773	-0.31977	0.91687	-0.35339
9	2	4000	0.76	0.6455	2.02164	5.22918	2.11302
9	3	4000	0.08	2.51983	0.39035	1.24895	0.03189
9	4	4000	0.16	2.385	0.68572	-0.53307	-0.04358
9	5	4000	0.07	3.66789	-0.1791	-0.40749	-0.94907
9	6	4000	0.12	1.85924	-0.64856	0.1951	0.39275
9	7	4000	0.03	1.5	-0.85838	-0.22822	-0.13911
9	8	4000	0	3.3551	-1.37129	1.17133	2.91558
9	9	4000	0.04	1.22216	-1.18299	2.45891	-0.03126
9	10	4000	0	0.89966	0.37648	-0.16124	-0.26712
9	11	4000	0.69	2.33013	-0.33608	0.30429	-0.29692
9	12	4000	0.69	2.385	1.68375	1.29617	-0.26893
9	13	4000	0.05	1.82349	-1.23692	0.26511	-0.58761
9	14	4000	0	2.41824	-0.68007	0.67607	-0.24894
9	15	4000	0.12	2.39487	2.30629	1.46857	0.33708
9	16	4000	0.3	0.33719	1.06099	2.80838	0.20109
9	17	4000	0	2.11086	0.44507	0.43605	-0.08519
9	18	4000	0.23	1.2938	1.80668	0.65938	-0.19294
9	19	4000	0.03	2.25279	-0.85362	2.40362	0.61759
9	20	4000	0.09	1.02032	-0.85794	0.12908	-0.01988
9	21	4000	0.21	0.75695	-0.29705	1.42269	0.87874
9	22	4000	0.03	2.61355	2.97346	2.99424	-0.25675
9	23	4000	0	0.86978	0.25743	0.70734	-0.12366
9	24	4000	0.03	0.3549	1.19936	1.2497	-0.3531
9	25	4000	0	0.69194	-0.14825	-0.42178	-0.20248
9	26	4000	0	1.58158	-0.54553	2.35789	-0.13927
9	27	4000	0.21	1.83433	0.55672	1.02958	-0.25386
9	28	4000	0.37	1.33476	0.87451	1.22345	-0.947
9	29	4000	0.4	1.81616	-0.69727	0.08311	0.12816
9	30	4000	0	2.46124	-0.97488	0.71988	0.23955
9	31	4000	0.17	1.3233	0.40202	2.18522	-0.27165
10	1	4000	0	0.62773	0.37441	-0.38605	-1.23839
10	2	4000	0.08	-0.6455	-0.14327	-0.32393	-0.62512
10	3	4000	0	-0.55522	1.21374	-0.73468	-1.40562
10	4	4000	0	-0.68143	0.74837	0.41072	-0.33733
10	5	4000	0	-0.45849	-1.29351	0.54508	0.59983
10	6	4000	0	-0.92962	0.95492	-0.55744	-1.841
10	7	4000	0	-0.5	0.05433	0.45644	0.96538
10	8	4000	0	-0.54115	-0.08571	1.43003	1.53371
10	9	4000	0	1.22216	0.76846	1.30555	-0.33182
10	10	4000	0	-0.76125	0.4068	-0.46676	0.99196
10	11	4000	0	0.63549	0.05968	0.30429	-0.74287
10	12	4000	0	-0.68143	3.51933	0.17851	-0.48442
10	13	4000	0	1.82349	0.75439	-0.53021	-0.78772
10	14	4000	0	0.77566	0.03859	-0.82168	-0.55408
10	15	4000	0	1.51512	-0.05305	1.15574	-0.04861
10	16	4000	0	0.33719	0.17157	-0.29562	-0.87539
10	17	4000	0	-0.81187	1.30418	-0.74869	-0.34878
10	18	4000	0.5	1.2938	1.17351	1.97814	1.29376
10	19	4000	0	0.69317	0.09355	2.40362	-0.5446
10	20	4000	0	-0.64929	-0.42982	-0.31349	-1.17683
10	21	4000	0	-1.12238	-0.62608	-0.6593	0.1143
10	22	4000	0	0.71279	0.84603	0.49799	0.60249
10	23	4000	0	0.86978	0.29175	0.12419	0.49629
10	24	4000	0	0.3549	-0.02726	0.49145	-0.60414
10	25	4000	0.02	-1.08734	0.84387	-0.42178	-1.0465
10	26	4000	0	1.58158	-0.40858	-0.03696	-1.02224
10	27	4000	0.04	2.59336	-1.34024	0.39599	0.77109
10	28	4000	0.43	0.07025	1.16965	1.22345	-1.12508
10	29	4000	0	1.81616	0.74345	1.20511	-0.93794
10	30	4000	0	2.46124	0.1418	2.29054	-0.86823
10	31	4000	0	-0.58225	0.92641	-0.51057	-0.44805
11	1	4000	0	-0.93077	1.82061	0.04826	-0.711
11	2	4000	0	0.6455	0.93919	0.09255	-0.79416
11	3	4000	0	-0.55522	-0.26836	0.91834	-0.79861
11	4	4000	0	0.85179	0.18448	-0.84766	-0.64989
11	5	4000	0	-0.45849	0.3781	-0.21697	-0.70896
11	6	4000	0	-0.92962	-1.19609	-1.05913	-0.48382
11	7	4000	0	-0.5	1.48858	-1.14109	-0.83737
11	8	4000	0	-0.54115	0.94276	0.65393	-0.27023
11	9	4000	0	-0.47006	-0.49424	0.15218	-0.36441
11	10	4000	0	0.89966	-0.07833	0.14427	-0.10722
11	11	4000	0	-1.05915	-0.33608	0	-0.07515
11	12	4000	0	0.85179	-0.2742	-0.1009	-0.11463
11	13	4000	0	-0.10726	2.95756	-0.79532	1.25778
11	14	4000	0	0.77566	0.08651	-0.07281	-0.07758
11	15	4000	0	-0.24437	-1.20464	1.46857	-0.0376
11	16	4000	0	0.33719	1.15982	-1.18248	-0.69533
11	17	4000	0	-0.81187	0.53098	-0.4525	-0.00834
11	18	4000	0	-0.68819	1.13833	-0.98907	-0.50066
11	19	4000	0	0.69317	0.14617	0.05438	0.18339
11	20	4000	0	-0.64929	0.42642	-0.0922	-0.41457
11	21	4000	0	0.75695	2.45862	-0.1041	0.73942
11	22	4000	0	0.71279	-0.39272	-0.63667	-0.74058
11	23	4000	0	0.86978	1.66468	0.12419	-0.7466
11	24	4000	0	0.3549	1.88626	-0.51954	0.09153
11	25	4000	0	0.69194	0.05702	0.89858	-0.26582
11	26	4000	0	-0.1977	1.83747	0.22914	3.44976
11	27	4000	0	0.31626	1.25777	-0.55439	-0.04636
11	28	4000	0	0.07025	0.97289	0.47694	-1.35028
11	29	4000	0	0.29565	-0.25397	1.20511	-1.19934
11	30	4000	0	0.82041	-0.65583	-0.06544	-0.2843
11	31	4000	0	-0.58225	1.62558	-0.75564	-0.19007
12	1	4000	0	-0.93077	-0.89825	-0.82036	-0.26189
12	2	4000	0	-3.22749	0.49347	-0.46276	-0.69247
12	3	4000	0	-0.55522	0.11588	-1.06528	-0.88141
12	4	4000	0	-0.68143	-0.2541	-1.16226	-1.04801
12	5	4000	0	-0.45849	-0.1791	0.16405	-0.505
12	6	4000	0	-0.92962	-1.31342	-0.30659	-0.53411
12	7	4000	0	-0.5	-0.68453	-0.45644	-1.03888
12	8	4000	0	-0.54115	-0.04897	-1.41566	0.64335
12	9	4000	0	-0.47006	2.37554	1.01721	-1.24451
12	10	4000	0	-0.76125	-0.56346	-1.68883	-1.04438
12	11	4000	0	-1.05915	-0.16647	-0.30429	-0.19026
12	12	4000	0	-0.68143	-1.29397	-0.1009	-0.22231
12	13	4000	0	-2.03802	-0.89798	0.53021	-0.52789
12	14	4000	0	-0.86692	0.13442	-1.57055	-0.31693
12	15	4000	0	-2.00387	-1.00802	-1.03408	0.1837
12	16	4000	0	0.33719	0.76452	0.14781	-0.42913
12	17	4000	0.14	-0.81187	-0.62882	0.13987	-0.17885
12	18	4000	0	-0.68819	-0.16318	-0.65938	-1.06957
12	19	4000	0	-0.86646	-1.06411	0.05438	0.37495
12	20	4000	0	-0.64929	0.97686	-0.75607	-1.05495
12	21	4000	0	-1.12238	-0.05027	-0.79809	-0.73386
12	22	4000	0	-1.18798	0.76525	-1.09053	-1.3379
12	23	4000	0	-1.15036	-0.73795	-0.45896	-0.8025
12	24	4000	0	-1.24216	-0.41978	-0.51954	-1.01623
12	25	4000	0	-1.08734	-0.54167	0.2384	-0.66311
12	26	4000	0	-0.1977	-0.32641	-0.03696	-0.0191
12	27	4000	0	-1.2018	0.14433	-0.2376	-0.29615
12	28	4000	0	-2.45877	0.53017	-1.38934	-0.86194
12	29	4000	0	-1.22485	-1.19598	-0.66489	-0.6307
12	30	4000	0	-0.82041	-1.24075	-0.06544	-1.15109
12	31	4000	0	-0.58225	0.82153	-1.24578	-1.05177
13	1	4000	0	-0.93077	0.77934	0.04826	-0.32341
13	2	4000	0	-0.6455	0.62082	-0.46276	-0.84055
13	3	4000	0	-0.55522	-1.25643	0.25714	-0.72036
13	4	4000	0	-0.68143	-0.00348	-0.21847	-1.12989
13	5	4000	0	-0.45849	-0.57711	-0.78852	-1.52352
13	6	4000	0	0.46481	-0.29658	-0.55744	-1.53982
13	7	4000	0	-0.5	-0.0326	0	-1.34645
13	8	4000	0	-0.54115	-1.07744	-0.89826	-1.1428
13	9	4000	0	-0.47006	-1.12559	-0.4245	-1.15539
13	10	4000	0	-0.76125	0.22488	-1.38331	-0.49163
13	11	4000	0	0.63549	0.05968	-0.91287	-0.48009
13	12	4000	0	-0.68143	-0.15183	-1.21855	-0.37135
13	13	4000	0	-0.10726	-0.51666	0.53021	-1.44558
13	14	4000	0	0.77566	1.23636	-0.07281	-0.4959
13	15	4000	0	-0.24437	0.50869	-0.40842	-0.98874
13	16	4000	0	0.33719	-0.42138	-0.29562	-0.5429
13	17	4000	0	0.6495	-0.11336	0.13987	-0.24811
13	18	4000	0	-0.68819	0.0127	0.32969	-1.07786
13	19	4000	0	-0.86646	-0.01169	-0.33716	-1.46056
13	20	4000	0	1.02032	-1.10258	-0.0922	0.32351
13	21	4000	0	0.75695	-0.91398	-0.5205	-1.751
13	22	4000	0	-1.18798	-0.36579	-0.18281	-0.94598
13	23	4000	0	0.86978	-0.8066	-0.65334	-0.5821
13	24	4000	0	0.3549	-0.71416	-1.02503	-1.09249
13	25	4000	0	0.69194	-0.47325	-0.20172	-0.83608
13	26	4000	0	-0.1977	0.76922	-0.56915	-0.88178
13	27	4000	0	-1.2018	1.8351	-0.87118	-0.31679
13	28	4000	0	0.07025	0.03826	0.47694	-1.03697
13	29	4000	0	-1.22485	0.0785	-1.03889	1.21942
13	30	4000	0	-0.82041	0.5672	0.32722	-0.07955
13	31	4000	0	-0.58225	-0.75161	-0.26549	-0.25934
14	1	4000	0	0.62773	-0.20408	-0.82036	0.03512
14	2	4000	0.1	0.6455	-0.39796	-0.04628	-0.66887
14	3	4000	0	-0.55522	-0.26836	-0.73468	-0.14214
14	4	4000	0	0.85179	-1.00595	-0.21847	-1.68885
14	5	4000	0	-0.45849	-0.2189	-0.02646	-1.37749
14	6	4000	0	0.46481	-0.21836	0.1951	1.07746
14	7	4000	0	1.5	0.27164	-0.68465	0.28658
14	8	4000	0.07	-0.54115	-0.78359	0.65393	0.18784
14	9	4000	0	1.22216	0.53888	0.44052	-0.54656
14	10	4000	0	0.89966	0.07327	0.7553	-0.87366
14	11	4000	0	0.63549	-0.73183	0.60858	-0.30626
14	12	4000	0	0.85179	-1.25318	1.01675	-0.17786
14	13	4000	0	-0.10726	-0.09298	0	-0.02277
14	14	4000	0	-0.86692	0.66143	0.30163	-0.43426
14	15	4000	0	-0.24437	-0.33393	0.21724	-0.96618
14	16	4000	0.32	0.33719	-0.37197	-0.73905	-0.8765
14	17	4000	0	-0.81187	0.14438	-0.4525	-0.46704
14	18	4000	0	1.2938	0.18858	0	0.55559
14	19	4000	0	0.69317	0.09355	0.83746	-1.41283
14	20	4000	0	2.68993	-0.06286	0.12908	0.46038
14	21	4000	0	0.75695	-0.62608	-0.1041	-1.05478
14	22	4000	0	0.71279	-0.285	0.27106	1.64641
14	23	4000	0	0.86978	0.3604	-0.65334	-0.86635
14	24	4000	0.12	0.3549	-0.56697	-0.26679	-0.04412
14	25	4000	0	0.69194	0.03991	-0.42178	-0.0296
14	26	4000	0	-0.1977	-1.20291	-1.10134	-0.60869
14	27	4000	0	0.31626	0.72167	-0.2376	-0.37175
14	28	4000	0.52	1.33476	-1.19152	0.85019	-0.7631
14	29	4000	0	0.29565	0.0785	-0.66489	-0.98608
14	30	4000	0.13	-0.82041	-0.709	-1.6361	-1.21782
14	31	4000	0	-0.58225	0.64674	-0.26549	-1.30894
15	1	4000	0.27	2.18623	2.97757	1.35118	-0.19528
15	2	4000	0.36	-0.6455	-0.78	0.23138	0.37094
15	3	4000	0.23	0.98231	0.50013	1.91016	0.89129
15	4	4000	0.56	2.385	-0.50472	0.41072	0.1693
15	5	4000	0.11	1.6047	2.20892	-0.40749	-0.36282
15	6	4000	0.52	1.85924	2.51929	-0.30659	0.61192
15	7	4000	0.15	1.5	-0.72799	-0.22822	0.84637
15	8	4000	0.26	1.40698	1.12642	-0.12216	0.06428
15	9	4000	0.27	1.22216	1.6294	-0.71284	0.01782
15	10	4000	0.29	0.89966	0.19456	0.44979	1.05595
15	11	4000	0.42	0.63549	1.75577	1.82574	-0.13846
15	12	4000	0.42	0.85179	0.50082	1.29617	-0.26442
15	13	4000	0.22	1.82349	2.23729	1.06042	-0.81772
15	14	4000	0.31	2.41824	2.43413	0.30163	-0.30992
15	15	4000	0.33	-0.24437	-0.55863	0.53008	-0.23447
15	16	4000	0.29	0.33719	0.02333	0.14781	-0.59392
15	17	4000	0.49	-0.81187	-0.02744	1.02842	-0.03809
15	18	4000	0.3	1.2938	0.96245	-0.98907	-0.4257
15	19	4000	0.46	0.69317	1.46169	0.05438	0.30585
15	20	4000	0.18	1.02032	1.40498	1.01423	-0.81403
15	21	4000	0.32	0.75695	1.80055	-0.2429	0.52957
15	22	4000	0.32	0.71279	-0.68895	0.27106	3.59671
15	23	4000	0.2	0.86978	0.73795	-1.04211	-0.57785
15	24	4000	0.28	0.3549	-0.02726	1.50245	1.58212
15	25	4000	0.28	0.69194	-0.52457	0.45846	-0.76865
15	26	4000	0.19	1.58158	1.70051	-0.83524	0.65964
15	27	4000	0.14	0.31626	0.06186	-1.50477	-0.383
15	28	4000	0.57	0.07025	1.26804	-1.38934	0.14858
15	29	4000	0.42	1.81616	1.24216	0.83111	-1.03429
15	30	4000	0.36	0.82041	0.24815	0.32722	-1.09742
15	31	4000	0.05	1.3233	-0.22723	0.22465	-0.25504
16	1	4000	0	-0.86646	-0.11693	-1.12024	-1.22257
16	2	4000	0	-0.93077	-0.08838	-1.25467	-0.25497
16	3	4000	0.02	0.6455	-0.71633	0.23138	0.31442
16	4	4000	0	-0.55522	0.39035	-0.73468	1.24681
16	5	4000	0.18	-0.68143	0.37245	-0.21847	-0.49231
16	6	4000	0	-0.45849	-1.09451	-0.598	-0.04454
16	7	4000	0	-0.92962	0.17273	-1.30998	0.85797
16	8	4000	0	-0.5	1.09742	-1.14109	0.32264
16	9	4000	0	-0.54115	-0.82032	-0.63956	-0.46029
16	10	4000	0	1.22216	-1.52736	-0.71284	0.20252
16	11	4000	0	-0.76125	0.95257	-0.46676	-0.43049
16	12	4000	0	-1.05915	-0.44915	-1.82574	-0.16006
16	13	4000	0	0.85179	-1.86504	1.29617	5.68661
16	14	4000	0	-0.10726	-0.17771	-0.53021	-0.17413
16	15	4000	0	0.77566	-1.44664	0.67607	5.61245
16	16	4000	0	-0.24437	0.08738	-0.40842	-0.31666
16	17	4000	0	0.33719	-0.37197	0.14781	-0.11876
16	18	4000	0	0.6495	-1.70271	4.28645	5.65519
16	19	4000	0	-0.68819	0.15341	-0.65938	-1.21496
16	20	4000	0	-0.64929	-0.55214	-0.31349	-0.14966
16	21	4000	0	-1.12238	-0.54382	-0.5205	0.90448
16	22	4000	0	-1.18798	0.79218	-1.31746	-1.0837
16	23	4000	0	-1.15036	0.08581	-1.81964	-1.21971
16	24	4000	0	-1.24216	0.65965	-1.02503	-0.68374
16	25	4000	0	-1.08734	-0.04561	-0.8619	0.73292
16	26	4000	0	-0.1977	-0.3538	-0.03696	-0.73498
16	27	4000	0	-1.2018	-0.14433	-0.55439	-0.47764
16	28	4000	0	0.07025	-0.79799	0.10368	-0.92204
16	29	4000	0	-1.22485	0.46639	-1.78689	-0.45132
16	30	4000	0	-0.82041	-0.12408	-0.85077	1.62305
16	31	4000	0	-0.58225	-0.57682	-0.02042	-0.01923
17	1	4000	0	-0.93077	-0.78256	2.21979	-0.51445
17	2	4000	0	-0.6455	-0.14327	-0.60159	1.92981
17	3	4000	0	-0.55522	-1.25643	-0.07347	3.34717
17	4	4000	0	-0.68143	0.18448	-0.84766	1.5755
17	5	4000	0	1.6047	-0.81591	0.7356	2.15325
17	6	4000	0	-0.92962	-0.45302	0.94765	0.88598
17	7	4000	0	3.5	-0.33683	0	1.69146
17	8	4000	0	1.40698	-1.04071	0.65393	2.76326
17	9	4000	0	-0.47006	-1.24038	1.01721	2.52865
17	10	4000	0	0.89966	-1.29115	1.06082	0.66788
17	11	4000	0	-1.05915	-0.95798	0.30429	5.4819
17	12	4000	0	-0.68143	-0.84527	-0.93914	0.28172
17	13	4000	0	-0.10726	-1.49114	0.53021	3.32147
17	14	4000	0	-0.86692	-0.91962	-0.07281	0.25763
17	15	4000	0	-0.24437	-1.5136	2.09424	2.45779
17	16	4000	0	0.33719	-0.96491	1.03467	2.40366
17	17	4000	0	2.11086	-0.75769	-0.4525	0.5894
17	18	4000	0	-0.68819	-1.39434	0.32969	2.37346
17	19	4000	0	-0.86646	-1.43245	0.83746	2.95765
17	20	4000	0	1.02032	-0.55214	-0.31349	1.89997
17	21	4000	0	0.75695	-1.03737	0.0347	2.39078
17	22	4000	0	0.71279	-0.76973	0.27106	0.89422
17	23	4000	0	0.86978	-1.08119	0.51295	0.82301
17	24	4000	0	1.95196	-0.71416	0.99695	3.08784
17	25	4000	0	-1.08734	-0.38772	-0.42178	1.22983
17	26	4000	0	-0.1977	-0.79205	1.29352	2.775
17	27	4000	0	1.83433	-0.433	0.39599	4.78676
17	28	4000	0	1.33476	-1.33909	1.5967	3.38166
17	29	4000	0	-1.22485	-0.42021	0.45711	1.69029
17	30	4000	0	-0.82041	0.3545	-0.85077	-0.72048
17	31	4000	0	1.3233	-1.06624	0.46972	1.5577
18	1	4000	0	0.62773	-0.78256	-0.38605	0.02793
18	2	4000	0	-0.6455	-0.65265	-0.04628	1.80698
18	3	4000	0	-0.55522	-0.98197	-0.40407	0.89257
18	4	4000	0	-0.68143	-1.00595	-0.84766	0.71881
18	5	4000	0	-0.45849	-1.09451	-0.40749	1.06369
18	6	4000	0	1.85924	-1.2352	-1.05913	-1.22018
18	7	4000	0	-0.5	-0.29337	-0.22822	-0.54406
18	8	4000	0	-0.54115	-0.41628	-0.63956	0.37505
18	9	4000	0	-2.16229	-0.14987	-0.4245	-0.51925
18	10	4000	0	-0.76125	-1.10923	-0.77228	-1.25189
18	11	4000	0	-1.05915	-0.39261	-1.21716	-0.71288
18	12	4000	0	-0.68143	0.05212	-1.21855	-0.1736
18	13	4000	0	-2.03802	-0.81324	-1.06042	0.15612
18	14	4000	0	-0.86692	-0.8238	-0.07281	-0.15234
18	15	4000	0	-0.24437	-0.78333	-1.65975	-1.22859
18	16	4000	0.22	0.33719	-1.11315	1.03467	1.95297
18	17	4000	0	-0.81187	-1.01542	-0.4525	-0.36179
18	18	4000	0	-0.68819	-0.51494	-0.98907	-1.29744
18	19	4000	0.06	-0.86646	-0.11693	0.44592	-0.1767
18	20	4000	0	-0.64929	-0.6133	0.12908	2.71107
18	21	4000	0	0.75695	-0.25592	-0.6593	-1.29477
18	22	4000	0	-1.18798	-0.25807	-1.5444	-0.03772
18	23	4000	0	-1.15036	-1.35577	-0.26458	-0.84934
18	24	4000	0.12	-1.24216	-0.07632	-0.77229	-0.61073
18	25	4000	0	-1.08734	-0.6272	0.01834	-0.60454
18	26	4000	0	-0.1977	-0.16206	-1.10134	-0.6141
18	27	4000	0	-1.2018	-0.39176	-0.87118	-0.59411
18	28	4000	0	0.07025	0.82532	-1.38934	-1.06965
18	29	4000	0	0.29565	-1.52845	0.08311	-0.25713
18	30	4000	0	0.82041	-0.709	0.32722	-0.74576
18	31	4000	0	-0.58225	-0.33211	-1.24578	-0.88996
19	1	4000	0.52	-0.93077	-1.01395	-0.38605	-1.01747
19	2	4000	1	0.6455	0.04776	-0.74041	-0.14459
19	3	4000	0.32	-0.55522	-0.7624	-1.39588	-0.08804
19	4	4000	0.35	-0.68143	-0.44206	-1.16226	0.07993
19	5	4000	0.14	-0.45849	-0.65671	-1.55057	-0.39993
19	6	4000	0.43	-0.92962	-0.92233	-0.80829	0.01018
19	7	4000	0.43	-0.5	-1.16261	-0.91287	-0.03227
19	8	4000	0.29	-0.54115	-0.63667	-0.38086	-0.7501
19	9	4000	0.26	2.06828	-0.60903	-1.00119	0.06397
19	10	4000	0.33	-0.76125	-1.44276	-0.77228	-0.57084
19	11	4000	0.33	0.63549	-0.44915	-0.30429	-0.08521
19	12	4000	0.33	-0.68143	-0.64132	-0.65973	-0.21566
19	13	4000	0.29	-0.10726	-0.77087	-1.06042	-0.0946
19	14	4000	0.34	-0.86692	-1.06335	-0.44724	-0.29174
19	15	4000	0.2	-0.24437	-0.50245	-1.65975	-0.50948
19	16	4000	0.48	0.33719	-0.07549	-1.62591	2.41764
19	17	4000	0.32	-0.81187	1.0894	-0.4525	-0.39991
19	18	4000	0.53	-0.68819	-1.25363	-0.32969	-0.29771
19	19	4000	0.37	-0.86646	-0.801	-0.33716	-0.17847
19	20	4000	0.18	-0.64929	1.58846	-0.53478	-0.11185
19	21	4000	0.31	-1.12238	-1.16076	-0.2429	-0.8096
19	22	4000	0.39	0.71279	-0.87745	-1.5444	-0.49824
19	23	4000	0.38	-1.15036	-0.94389	-0.84772	-0.5718
19	24	4000	0.42	0.3549	-0.86136	-1.02503	-0.54736
19	25	4000	0.27	-1.08734	0.45044	-1.08196	-0.34861
19	26	4000	0.22	-0.1977	-1.28509	-1.63353	-0.26941
19	27	4000	0.13	-1.2018	-1.54644	-0.87118	-0.53434
19	28	4000	0.47	0.07025	-1.14233	-1.01608	-0.41404
19	29	4000	0.48	0.29565	-0.30938	-0.66489	-0.32614
19	30	4000	0.29	0.82041	-0.12408	-1.24344	-0.50135
19	31	4000	0.29	-0.58225	-1.41583	-1.00071	-0.09282
20	1	4000	0.13	0.62773	-1.41889	0.04826	0.2505
20	2	4000	0.11	0.6455	-0.52531	-0.32393	0.6485
20	3	4000	0	-0.55522	0.33545	-0.07347	0.7381
20	4	4000	0.13	-0.68143	-1.06861	0.09613	0.7244
20	5	4000	0.09	-0.45849	-1.25371	-0.40749	-0.94631
20	6	4000	0	-0.92962	-1.43075	-0.30659	0.56402
20	7	4000	0	-0.5	-0.20645	0.45644	-0.03243
20	8	4000	0	-0.54115	-0.74686	-0.12216	-0.41767
20	9	4000	0	-0.47006	0.36669	-0.13616	-0.61613
20	10	4000	0.09	-0.76125	-0.89699	-0.46676	-0.99018
20	11	4000	0.18	-1.05915	-0.6753	0	-0.15584
20	12	4000	0.18	-0.68143	-0.43737	-0.38031	-0.34448
20	13	4000	0.06	-0.10726	-1.06745	-0.26511	0.12386
20	14	4000	0.07	-0.86692	-0.58424	-0.07281	-0.44271
20	15	4000	0	-0.24437	-1.26081	0.53008	-0.68602
20	16	4000	0.59	0.33719	-0.9155	-1.18248	-0.63747
20	17	4000	0.17	-0.81187	-0.11336	-0.4525	-0.23251
20	18	4000	0	-0.68819	-1.1481	-0.32969	0.26786
20	19	4000	0	-0.86646	-0.16956	-1.12024	1.26688
20	20	4000	0	-0.64929	-0.06286	-0.31349	0.03911
20	21	4000	0.2	-1.12238	-1.03737	-0.5205	-0.34102
20	22	4000	0.05	-1.18798	-0.93131	0.27106	0.08675
20	23	4000	0.08	0.86978	-1.11551	-0.45896	-0.10186
20	24	4000	0.16	-1.24216	-0.6651	-0.77229	-0.41066
20	25	4000	0	-1.08734	-0.86668	-0.20172	-0.78892
20	26	4000	0	-0.1977	-0.62771	-0.03696	-0.65338
20	27	4000	0	-1.2018	-1.17529	0.39599	-0.91152
20	28	4000	0.15	0.07025	-0.69961	0.10368	-0.28757
20	29	4000	0.03	-1.22485	-1.08516	0.08311	-0.63288
20	30	4000	0	-0.82041	-1.5598	0.32722	-1.18271
20	31	4000	0	-0.58225	1.83533	-1.24578	-1.27976
21	1	4000	0	0.62773	-0.31977	1.35118	1.89306
21	2	4000	0	0.6455	-1.41674	0.37021	0.38318
21	3	4000	0.07	2.51983	-0.7075	1.24895	0.20976
21	4	4000	0	0.85179	-1.19391	0.41072	0.20199
21	5	4000	0	1.6047	0.0199	0.54508	0.41391
21	6	4000	0	1.85924	-0.06192	-0.05574	1.09256
21	7	4000	0	1.5	-1.16261	0.91287	0.57397
21	8	4000	0	-0.54115	0.20814	0.13654	-0.28113
21	9	4000	0.1	-0.47006	-0.9534	-0.4245	-0.54628
21	10	4000	0	0.89966	-0.80602	0.7553	1.26451
21	11	4000	0	0.63549	0.56851	0	-0.4004
21	12	4000	0	0.85179	-0.2742	0.73734	0.21248
21	13	4000	0	-0.10726	-0.47429	1.06042	-0.22964
21	14	4000	0	0.77566	0.42188	0.30163	-0.2385
21	15	4000	0.11	1.51512	0.53678	0.53008	0.81824
21	16	4000	0	0.33719	-0.42138	0.14781	-0.50421
21	17	4000	0	0.6495	-0.41404	0.13987	-0.24744
21	18	4000	0.32	1.2938	-0.58529	0.65938	-1.05289
21	19	4000	0	0.69317	0.19879	2.01208	1.96499
21	20	4000	0	1.02032	-0.9191	1.23552	0.91429
21	21	4000	0	0.75695	-0.50269	-0.2429	-1.27976
21	22	4000	0	0.71279	-0.71588	0.04413	0.09762
21	23	4000	0	0.86978	0.01716	3.03992	1.76363
21	24	4000	0	0.3549	-0.07632	0.23871	0.92539
21	25	4000	0	0.69194	-0.52457	0.45846	0.65288
21	26	4000	0	1.58158	0.41314	-0.30305	-0.56068
21	27	4000	0.04	0.31626	-0.59796	-0.55439	-0.44704
21	28	4000	0	1.33476	-0.84718	0.47694	0.19532
21	29	4000	0	0.29565	0.13391	-1.03889	-0.38285
21	30	4000	0	0.82041	0.08863	0.32722	0.13611
21	31	4000	0	-0.58225	-0.54186	-1.00071	0.22962
22	1	4000	0	0.62773	0.25871	-1.68897	-1.28015
22	2	4000	0	0.6455	0.74816	0.09255	-0.61048
22	3	4000	0	-0.55522	-1.25643	-0.40407	-1.31637
22	4	4000	0	-0.68143	2.00146	-0.84766	-0.36304
22	5	4000	0	-0.45849	0.65671	0.54508	-0.2338
22	6	4000	0	0.46481	1.50245	0.44595	-0.96762
22	7	4000	0	-0.5	-1.24954	0.68465	-1.17871
22	8	4000	0	-0.54115	-1.18763	0.13654	-0.79243
22	9	4000	0	-0.47006	0.42409	0.72886	-0.77916
22	10	4000	0	0.89966	1.10418	0.44979	-0.82365
22	11	4000	0	0.63549	-0.56222	-0.30429	-0.36403
22	12	4000	0	-0.68143	0.50082	-0.38031	-0.37235
22	13	4000	0	-0.10726	-0.51666	0.79532	0.61258
22	14	4000	0	0.77566	-0.10514	-0.07281	-0.27737
22	15	4000	0	-0.24437	-1.17655	1.78141	-0.93677
22	16	4000	0.02	0.33719	-1.3108	-1.18248	-0.6514
22	17	4000	0	-0.81187	0.05847	-0.74869	-0.31264
22	18	4000	0	-0.68819	-0.76117	-0.65938	-0.22211
22	19	4000	0	-0.86646	-0.43266	1.229	-0.64415
22	20	4000	0	1.02032	-0.6133	1.01423	-0.44535
22	21	4000	0	-1.12238	0.15538	0.86749	-1.31083
22	22	4000	0	0.71279	-0.50044	0.04413	-0.26207
22	23	4000	0	0.86978	-1.11551	-0.26458	-0.03664
22	24	4000	0	0.3549	1.29749	-0.01404	-0.56552
22	25	4000	0	0.69194	0.3136	-0.20172	-0.96744
22	26	4000	0	-0.1977	0.00228	0.22914	-1.02662
22	27	4000	0	0.31626	0.39176	-0.2376	-1.00827
22	28	4000	0.07	0.07025	-0.69961	0.10368	-1.23567
22	29	4000	0	0.29565	-0.30938	-1.03889	-1.61588
22	30	4000	0	-0.82041	-0.17725	-0.45811	-0.53315
22	31	4000	0	-0.58225	0.68169	-0.75564	-0.25173
23	1	4000	0.52	0.62773	-0.9561	-0.82036	-0.91433
23	2	4000	0.23	0.6455	-0.14327	-0.04628	-1.20044
23	3	4000	0.14	-0.55522	0.11588	-0.07347	0.01883
23	4	4000	0.75	0.85179	-1.31922	-0.84766	0.99389
23	5	4000	0.21	-0.45849	-1.29351	0.54508	-0.88635
23	6	4000	0	0.46481	-0.88322	-1.56083	-0.88255
23	7	4000	0.14	-0.5	-1.16261	-0.91287	0.09789
23	8	4000	0.18	1.40698	-0.96725	-0.63956	-0.62735
23	9	4000	0.26	-0.47006	0.48149	-1.57787	-0.49839
23	10	4000	0.15	0.89966	-0.50282	0.44979	-0.59726
23	11	4000	0.52	0.63549	-0.73183	0.60858	0.64934
23	12	4000	0.52	0.85179	-0.55974	-0.93914	-0.24652
23	13	4000	0.29	1.82349	-0.17771	-2.12085	-1.5907
23	14	4000	0.08	0.77566	-0.58424	-0.82168	-0.42404
23	15	4000	0.18	-0.24437	-0.81141	-0.72125	-0.90737
23	16	4000	0.53	0.33719	0.22098	-0.73905	-0.5471
23	17	4000	0.15	0.6495	-1.01542	0.13987	-0.47472
23	18	4000	0.32	1.2938	-0.69082	-0.65938	-1.01234
23	19	4000	0.11	2.25279	0.725	-1.12024	1.52107
23	20	4000	0.08	1.02032	-0.18518	-0.31349	0.02338
23	21	4000	0.16	0.75695	-0.25592	-0.2429	2.25755
23	22	4000	0.29	0.71279	1.14226	-0.18281	-1.40836
23	23	4000	0.12	0.86978	-0.60066	-0.65334	-0.74391
23	24	4000	0.42	0.3549	-1.59733	-0.26679	-0.95877
23	25	4000	0.18	0.69194	0.10833	-0.64184	0.21267
23	26	4000	0.12	1.58158	-0.21684	-0.56915	-1.01497
23	27	4000	0.37	0.31626	-1.29901	-0.87118	-1.13591
23	28	4000	0.35	0.07025	-0.25689	-1.38934	-1.55306
23	29	4000	0.41	0.29565	-1.36222	0.08311	-0.63504
23	30	4000	0.43	0.82041	0.19498	0.71988	0.146
23	31	4000	0.31	1.3233	-1.20607	-0.75564	-0.88387
24	1	4000	0.31	0.62773	0.95289	-0.38605	3.23312
24	2	4000	0.23	0.6455	-1.16204	0.64786	0.79322
24	3	4000	0	-0.55522	-0.48793	0.58774	-0.33154
24	4	4000	0.09	-0.68143	-0.63002	0.41072	0.54677
24	5	4000	0.13	-0.45849	0.1791	-0.598	-0.44263
24	6	4000	0	0.46481	-1.39164	-0.05574	0.17276
24	7	4000	0.05	-0.5	-0.68453	-0.68465	-0.85794
24	8	4000	0.11	-0.54115	-0.85706	0.39523	-0.26594
24	9	4000	0.09	1.22216	-0.60903	-0.71284	1.92621
24	10	4000	0.09	-0.76125	-0.98795	-0.16124	-0.5287
24	11	4000	0	-1.05915	0.22929	-0.30429	0.18546
24	12	4000	0	0.85179	-0.2742	-0.38031	-0.26559
24	13	4000	0.04	-0.10726	-0.17771	0	-0.23394
24	14	4000	0.1	0.77566	-0.48842	-0.07281	0.29558
24	15	4000	0.13	-0.24437	-0.02497	-0.72125	0.54801
24	16	4000	0.62	0.33719	-0.86609	-0.29562	-0.34735
24	17	4000	0.16	0.6495	-0.11336	0.43605	-0.18168
24	18	4000	0.07	1.2938	-0.69082	0.32969	0.00992
24	19	4000	0.38	-0.86646	-1.59031	0.44592	0.19532
24	20	4000	0.03	2.68993	-0.73562	0.57166	0.2807
24	21	4000	0	0.75695	-0.3793	0.3123	0.39809
24	22	4000	0.12	0.71279	-0.68895	0.27106	0.09355
24	23	4000	0.15	0.86978	-1.35577	0.51295	0.82208
24	24	4000	0.23	0.3549	-1.59733	-0.77229	2.17348
24	25	4000	0.13	0.69194	-0.50746	0.45846	-0.04423
24	26	4000	0.14	-0.1977	-1.12074	-0.56915	-0.06254
24	27	4000	0	0.31626	0.51548	0.0792	-0.13783
24	28	4000	0.3	0.07025	-0.89637	-0.26957	0.29851
24	29	4000	0.24	0.29565	-0.42021	0.83111	0.18022
24	30	4000	0.09	0.82041	-0.44313	-0.06544	1.41903
24	31	4000	0.28	3.22885	0.47194	-0.75564	0.47556
25	1	4000	0.32	0.62773	0.43225	0.91687	0.05093
25	2	4000	0.71	0.6455	0.49347	-0.32393	-1.10373
25	3	4000	0.05	0.98231	0.44524	1.57955	-0.14267
25	4	4000	0.26	0.85179	-1.06861	1.03992	-0.70274
25	5	4000	0.23	-0.45849	0.97511	0.16405	-0.49574
25	6	4000	0.07	0.46481	-0.53123	1.95104	0.20267
25	7	4000	0.15	1.5	0.83665	-0.22822	2.72047
25	8	4000	0.17	1.40698	-0.1959	0.39523	0.5427
25	9	4000	0.17	-0.47006	0.42409	1.30555	-1.32162
25	10	4000	0.19	2.56057	0.22488	-0.16124	-0.54883
25	11	4000	0.53	0.63549	1.36002	-0.60858	-0.50239
25	12	4000	0.53	2.385	0.37845	0.73734	-0.29424
25	13	4000	0.15	1.82349	0.37308	2.65106	-0.06192
25	14	4000	0.06	0.77566	-0.91962	2.17381	-0.23411
25	15	4000	0.68	1.51512	1.09853	-0.72125	-1.09235
25	16	4000	0.74	0.33719	0.31981	1.03467	-0.58124
25	17	4000	0.22	2.11086	-1.18724	-0.15632	0.00098
25	18	4000	0.41	1.2938	0.61069	0.98907	-0.45254
25	19	4000	0.3	0.69317	0.25141	0.05438	0.26465
25	20	4000	0.09	1.02032	0.54874	-0.53478	1.87611
25	21	4000	0.14	0.75695	-0.95511	1.00629	0.6885
25	22	4000	0.08	0.71279	0.79218	0.04413	-0.37698
25	23	4000	0.08	0.86978	1.28713	0.51295	-0.65618
25	24	4000	0.1	1.95196	-0.5179	1.2497	1.06503
25	25	4000	0.16	0.69194	0.43334	0.67852	-0.82969
25	26	4000	0.22	1.58158	-0.68249	1.55961	0.62244
25	27	4000	0.05	0.31626	-0.39176	0.71279	1.32035
25	28	4000	0.3	0.07025	0.33341	-0.64283	-0.7239
25	29	4000	0.17	1.81616	0.0785	1.95311	0.44237
25	30	4000	0.33	-0.82041	-0.54948	0.32722	-0.79747
25	31	4000	0.19	1.3233	-0.01748	2.67536	1.07229
26	1	4000	0.36	0.62773	-0.66686	-1.68897	-1.5378
26	2	4000	0.39	0.6455	-1.22572	-0.04628	1.10442
26	3	4000	0.1	-0.55522	-0.26836	-0.07347	-0.04206
26	4	4000	0.15	0.85179	0.4351	-0.21847	0.6799
26	5	4000	0.11	-0.45849	1.61191	-0.78852	-0.83571
26	6	4000	0.19	-0.92962	-0.10103	-1.05913	-1.2407
26	7	4000	0.07	-0.5	2.2709	-1.36931	-0.90748
26	8	4000	0.18	-0.54115	1.86104	-1.15696	-1.07013
26	9	4000	0.04	-0.47006	-0.32205	-1.28953	-0.18562
26	10	4000	0.02	2.56057	-0.38153	-0.77228	0.06816
26	11	4000	0.42	0.63549	-0.61876	0.91287	-0.23875
26	12	4000	0.42	-0.68143	0.01133	-1.21855	-0.32854
26	13	4000	0.38	-0.10726	1.17808	-1.06042	-1.06754
26	14	4000	0.12	-0.86692	1.14054	-0.82168	-0.30746
26	15	4000	0.21	-0.24437	1.71645	-1.65975	-1.65748
26	16	4000	0.36	-1.39693	-0.02608	-0.29562	0.23305
26	17	4000	0.13	0.6495	-0.02744	-0.15632	-0.27922
26	18	4000	0.4	1.2938	1.7715	-1.64845	-0.6496
26	19	4000	0.15	-0.86646	2.72458	-1.51178	-0.81379
26	20	4000	0.18	-0.64929	0.36526	-0.75607	-0.54353
26	21	4000	0.21	0.75695	-0.29705	-0.93689	-0.72681
26	22	4000	0.07	0.71279	-0.285	-0.40974	-0.09422
26	23	4000	0.16	0.86978	1.04686	-0.84772	-1.28783
26	24	4000	0.14	0.3549	-0.61603	-0.51954	-1.32466
26	25	4000	0.24	2.47122	-0.3193	-0.8619	-0.08611
26	26	4000	0	-0.1977	-0.13467	-0.83524	-1.04796
26	27	4000	0.23	0.31626	-0.84539	-1.18798	0.25742
26	28	4000	0.4	0.07025	1.41561	-1.38934	-0.79058
26	29	4000	0.12	-1.22485	-0.64186	0.45711	0.59766
26	30	4000	0.19	0.82041	0.72673	-0.45811	-0.18859
26	31	4000	0.2	1.3233	0.57682	-0.51057	-1.03513
27	1	4000	0	-0.93077	-0.08838	0.91687	-0.08647
27	2	4000	0	0.6455	0.55714	-0.46276	-0.26741
27	3	4000	0	-0.55522	0.60992	-1.06528	-1.69335
27	4	4000	0	-0.68143	1.18695	-1.16226	-1.37728
27	5	4000	0	-0.45849	-1.09451	-0.40749	0.28355
27	6	4000	0	-0.92962	0.25095	-0.05574	-1.82226
27	7	4000	0	-0.5	0.92357	-0.45644	-0.97458
27	8	4000	0	-0.54115	-0.56321	-0.89826	-0.75466
27	9	4000	0	1.22216	-1.75694	-1.00119	-0.41788
27	10	4000	0	-0.76125	-0.95763	-1.07779	-0.45229
27	11	4000	0	-1.05915	-0.50569	-0.91287	-0.54823
27	12	4000	0	-0.68143	0.37845	-0.93914	-0.39388
27	13	4000	0	-0.10726	-0.38955	-0.53021	-0.43549
27	14	4000	0	-0.86692	-0.00932	-1.19612	-0.34414
27	15	4000	0	-0.24437	-0.89567	-0.40842	-0.73597
27	16	4000	0	0.33719	1.65394	-0.29562	-0.33211
27	17	4000	0	-0.81187	2.2492	-1.04487	-0.3593
27	18	4000	0	-0.68819	-0.90187	-0.32969	0.02166
27	19	4000	0	-0.86646	-0.5379	-1.51178	-1.6502
27	20	4000	0	-0.64929	-0.85794	-0.75607	-1.05065
27	21	4000	0	-1.12238	0.27877	-0.2429	-0.14884
27	22	4000	0	-1.18798	-0.12343	-0.8636	-1.02952
27	23	4000	0	-1.15036	-1.04686	-0.45896	-0.52712
27	24	4000	0	-1.24216	0.31619	-0.51954	-0.41183
27	25	4000	0	-1.08734	-0.06272	-0.64184	-0.92356
27	26	4000	0	-0.1977	-0.43597	-0.03696	0.05115
27	27	4000	0	-1.2018	0.68043	-0.55439	-0.12719
27	28	4000	0.06	0.07025	-0.60122	-0.26957	0.66359
27	29	4000	0	0.29565	0.41097	-1.03889	-0.58355
27	30	4000	0	-0.82041	0.67355	-0.45811	0.91271
27	31	4000	0	-0.58225	0.0874	-0.26549	-0.75247
28	1	4000	0.17	0.62773	-1.12965	0.91687	2.46559
28	2	4000	0.27	-0.6455	-1.22572	1.20317	1.27695
28	3	4000	0.1	-0.55522	-0.87218	1.24895	1.78211
28	4	4000	0.19	-0.68143	-1.7578	1.03992	2.34089
28	5	4000	0.08	-0.45849	-1.29351	1.11662	0.83952
28	6	4000	0.08	0.46481	1.34601	0.94765	1.65335
28	7	4000	0.08	-0.5	-1.42338	2.28218	1.70144
28	8	4000	0.18	-0.54115	-1.37129	2.98222	0.7328
28	9	4000	0.11	-0.47006	-0.55164	0.72886	0.41168
28	10	4000	0.07	-0.76125	-0.80602	2.28289	2.19171
28	11	4000	0.14	0.63549	-0.95798	0.91287	0.31437
28	12	4000	0.14	-0.68143	-0.7229	1.01675	0.07883
28	13	4000	0.08	-0.10726	-1.36403	1.59064	1.81274
28	14	4000	0	0.77566	-1.44664	1.0505	-0.02338
28	15	4000	0.09	-0.24437	2.44672	0.21724	0.88916
28	16	4000	0.2	0.33719	-0.42138	0.59124	2.21716
28	17	4000	0	0.6495	-0.37109	-0.15632	0.30206
28	18	4000	0.17	-0.68819	-1.1481	1.64845	3.11396
28	19	4000	0.12	-0.86646	-1.74818	0.05438	1.66615
28	20	4000	0.09	1.02032	-1.28606	2.12067	1.81098
28	21	4000	0.06	-1.12238	1.307	4.19867	0.80143
28	22	4000	0.09	0.71279	-0.87745	1.17878	2.11658
28	23	4000	0.1	0.86978	-0.42904	0.70734	0.80946
28	24	4000	0.1	0.3549	-0.71416	0.23871	0.75958
28	25	4000	0.06	0.69194	-0.76405	1.11864	1.82851
28	26	4000	0.15	-0.1977	-0.68249	0.76133	0.78015
28	27	4000	0.15	0.31626	0.92786	0.71279	0.77903
28	28	4000	0.21	0.07025	0.53017	-0.26957	0.64661
28	29	4000	0.28	0.29565	-1.69469	0.83111	0.06861
28	30	4000	0.11	-0.82041	-1.3471	1.11255	0.41172
28	31	4000	0.13	-0.58225	-0.01748	1.20494	1.39465
29	1	4000	0	-0.93077	-0.43547	-1.25467	-0.20592
29	2	4000	0	0.6455	0.87551	-0.87924	-0.49024
29	3	4000	0	-0.55522	-0.65261	-1.72649	-0.8107
29	4	4000	0	-0.68143	0.24714	-1.16226	-0.14978
29	5	4000	0	-0.45849	-0.77611	-1.36006	-0.61411
29	6	4000	0	-0.92962	-0.21836	-0.30659	-0.41905
29	7	4000	0	-0.5	-0.64107	-0.91287	-0.84012
29	8	4000	0	-0.54115	-0.96725	-1.67436	-0.94672
29	9	4000	0	-0.47006	-0.43684	-1.57787	-0.47874
29	10	4000	0	-0.76125	-0.56346	-1.38331	0.75422
29	11	4000	0	-1.05915	0.05968	-1.21716	-0.46032
29	12	4000	0	-0.68143	-0.80448	-1.21855	-0.39665
29	13	4000	0	-0.10726	-0.43192	-1.32553	-0.26805
29	14	4000	0	-0.86692	-0.8238	-1.94499	-0.39209
29	15	4000	0.05	-0.24437	-0.6148	-0.40842	0.19469
29	16	4000	0	0.33719	-0.56961	-1.62591	0.18097
29	17	4000	0	-0.81187	-1.48793	-1.04487	-0.31837
29	18	4000	0	-0.68819	-0.93705	-0.32969	-0.31519
29	19	4000	0.16	-0.86646	0.19879	0.05438	0.39786
29	20	4000	0	-0.64929	-0.49098	-1.64122	-0.12864
29	21	4000	0	-1.12238	-0.74947	-1.21449	-1.69325
29	22	4000	0	-1.18798	-0.5543	-1.5444	0.11554
29	23	4000	0	-1.15036	-0.90957	-1.04211	-0.58232
29	24	4000	0	-1.24216	-0.22352	-0.77229	-0.3958
29	25	4000	0.04	-1.08734	0.36492	-1.08196	0.0073
29	26	4000	0	-0.1977	-1.28509	-1.10134	0.96806
29	27	4000	0	-1.2018	-1.17529	-0.87118	0.01391
29	28	4000	0	0.07025	-1.2899	-1.38934	-0.11693
29	29	4000	0	-1.22485	-0.42021	-1.03889	-1.07313
29	30	4000	0	-0.82041	-0.709	-0.45811	-0.46994
29	31	4000	0	-0.58225	-0.15731	-0.51057	-0.85078
30	1	4000	0	-0.93077	-1.59243	-0.38605	0.5868
30	2	4000	0.05	0.6455	-1.16204	0.23138	0.19955
30	3	4000	0	-0.55522	-1.09175	-0.07347	0.62988
30	4	4000	0	0.85179	-1.56984	-0.21847	0.70587
30	5	4000	0	-0.45849	-0.4179	-0.598	0.84188
30	6	4000	0	-0.92962	0.13362	-1.05913	0.35286
30	7	4000	0	-0.5	-0.72799	0.45644	0.46546
30	8	4000	0	-0.54115	-1.37129	-0.12216	0.51478
30	9	4000	0	-0.47006	-1.46997	-0.4245	-0.08568
30	10	4000	0	-0.76125	-1.53372	-0.46676	-0.56432
30	11	4000	0	0.63549	-1.35374	-0.30429	0.08308
30	12	4000	0	-0.68143	-1.41634	-0.65973	-0.35091
30	13	4000	0	-0.10726	-0.98271	-1.32553	-0.1099
30	14	4000	0	-0.86692	-1.44664	-0.44724	-0.28695
30	15	4000	0.03	1.51512	-0.02497	-0.40842	0.09989
30	16	4000	0.08	0.33719	-0.42138	0.14781	0.72397
30	17	4000	0	-0.81187	-1.2302	-0.15632	-0.14727
30	18	4000	0	1.2938	-1.07775	0.32969	1.48137
30	19	4000	0	0.69317	-1.48507	-0.7287	-0.00746
30	20	4000	0.04	-0.64929	-0.55214	-0.97735	-0.42488
30	21	4000	0	-1.12238	-1.16076	-0.79809	0.12399
30	22	4000	0	0.71279	-1.09289	0.72492	0.62745
30	23	4000	0	0.86978	-0.70363	-0.84772	0.38833
30	24	4000	0	0.3549	-1.05762	-0.77229	-0.35507
30	25	4000	0	0.69194	-0.6101	-0.20172	2.11992
30	26	4000	0.04	1.58158	0.16663	1.02742	-0.24283
30	27	4000	0.03	0.31626	-1.29901	0.71279	-0.12026
30	28	4000	0.06	0.07025	-1.09314	0.10368	1.24444
30	29	4000	0.14	0.29565	-1.02974	-0.29089	0.05722
30	30	4000	0	-0.82041	-1.5598	-0.45811	0.68529
30	31	4000	0	-0.58225	-1.48574	-0.26549	0.47597
31	1	4000	0	0.62773	0.02732	-0.82036	0.39712
31	2	4000	0	0.6455	0.81184	0.23138	-0.69904
31	3	4000	0	-0.55522	0.11588	-0.40407	0.61572
31	4	4000	0	-0.68143	0.49775	0.09613	-0.33575
31	5	4000	0	-0.45849	0.57711	-0.40749	-0.70309
31	6	4000	0	0.46481	-1.07876	1.44934	0.7812
31	7	4000	0	-0.5	-0.72799	-0.68465	-0.86031
31	8	4000	0	-0.54115	0.61218	-0.63956	-0.43015
31	9	4000	0	-0.47006	-0.03508	0.44052	1.34648
31	10	4000	0	0.89966	0.80097	1.36634	-0.55152
31	11	4000	0	0.63549	-0.44915	0	-0.42231
31	12	4000	0	-0.68143	0.54161	-0.93914	-0.14379
31	13	4000	0	-0.10726	0.45782	-1.06042	-0.82146
31	14	4000	0	-0.86692	-0.10514	-0.07281	0.4926
31	15	4000	0	-0.24437	0.0593	0.21724	-0.0382
31	16	4000	0	0.33719	2.49395	-0.29562	-0.70012
31	17	4000	0	-0.81187	-0.0704	1.3246	-0.14826
31	18	4000	0	-0.68819	-0.62046	0.32969	0.72727
31	19	4000	0	0.69317	0.19879	0.05438	-0.1741
31	20	4000	0	-0.64929	0.54874	-0.97735	2.08867
31	21	4000	0	-1.12238	0.73119	-0.1041	0.16062
31	22	4000	0	-1.18798	0.01122	-0.63667	-0.56188
31	23	4000	0	-1.15036	-0.01716	0.51295	-0.11018
31	24	4000	0	0.3549	-0.07632	1.2497	0.18805
31	25	4000	0	0.69194	-0.76405	0.45846	-0.38258
31	26	4000	0	-0.1977	-1.01118	0.76133	0.42662
31	27	4000	0	0.31626	0.18557	-0.2376	-0.44934
31	28	4000	0	1.33476	-0.79799	1.96995	0.57551
31	29	4000	0	-1.22485	1.02051	-0.29089	2.10952
31	30	4000	0	0.82041	0.83308	-0.06544	-0.14174
31	31	4000	0	-0.58225	0.26219	1.69508	0.36923
32	1	4000	0.37	0.62773	0.43225	0.91687	-0.6784
32	2	4000	0.44	-0.6455	-0.52531	-0.04628	-0.35322
32	3	4000	0.24	0.98231	0.06099	0.25714	-0.5184
32	4	4000	0.34	-0.68143	-0.9433	0.09613	3.21858
32	5	4000	0.32	-0.45849	-0.69651	0.16405	2.37402
32	6	4000	0.16	0.46481	0.68115	-0.05574	2.33707
32	7	4000	0.21	-0.5	-1.11915	0	0.02103
32	8	4000	0.3	-0.54115	0.24487	-0.38086	-0.27001
32	9	4000	0.29	-0.47006	1.22763	0.15218	0.00663
32	10	4000	0.16	-0.76125	-0.01769	-0.16124	1.15687
32	11	4000	0.28	-1.05915	2.15153	-1.52145	-0.26619
32	12	4000	0.28	0.85179	0.94952	-0.65973	-0.2193
32	13	4000	0.31	-0.10726	-0.38955	-0.53021	0.79778
32	14	4000	0.32	0.77566	1.23636	0.67607	0.1974
32	15	4000	0.3	-0.24437	1.63219	-0.72125	-0.12787
32	16	4000	0.62	0.33719	0.17157	-0.73905	-0.46876
32	17	4000	0.34	0.6495	0.18733	0.13987	0.11078
32	18	4000	0.27	-0.68819	-0.51494	0.32969	0.08371
32	19	4000	0.41	0.69317	0.725	-0.33716	-1.1258
32	20	4000	0.21	-0.64929	0.05946	-0.97735	-1.26385
32	21	4000	0.36	0.75695	-0.7906	-0.5205	-0.43919
32	22	4000	0.33	-1.18798	0.68446	-0.63667	0.30792
32	23	4000	0.18	-1.15036	0.63498	-0.45896	-0.43588
32	24	4000	0.24	-1.24216	0.56152	0.7442	-0.55987
32	25	4000	0.23	0.69194	0.12544	-0.20172	0.73217
32	26	4000	0.33	1.58158	1.26226	-0.03696	-0.26852
32	27	4000	0.28	0.31626	-1.09282	-0.2376	-0.4267
32	28	4000	0.31	0.07025	2.0059	-0.64283	-0.67291
32	29	4000	0.29	0.29565	1.57463	-1.78689	-0.03531
32	30	4000	0.2	0.82041	0.88625	-1.6361	-0.32321
32	31	4000	0.18	-0.58225	-0.33211	-0.75564	-0.07118
33	1	4000	0	-0.93077	-0.60901	0.04826	0.15945
33	2	4000	0.28	-0.6455	1.25755	-0.87924	0.012
33	3	4000	0.03	0.98231	-0.81729	-0.73468	-0.79238
33	4	4000	0	-0.68143	-0.31675	0.09613	-0.01614
33	5	4000	0	-0.45849	1.45271	-0.02646	0.43366
33	6	4000	0	0.46481	-0.17925	-0.55744	0.13579
33	7	4000	0	-0.5	-0.16298	-0.68465	0.17133
33	8	4000	0	-0.54115	1.3468	0.13654	-0.27412
33	9	4000	0	1.22216	0.13711	-1.00119	0.61615
33	10	4000	0	-0.76125	-0.74538	-1.38331	0.45671
33	11	4000	0.03	0.63549	-0.95798	0	0.05576
33	12	4000	0.03	-0.68143	0.86793	-1.21855	-0.1544
33	13	4000	0	-0.10726	-0.89798	0.26511	0.86799
33	14	4000	0	-0.86692	-0.96753	0.67607	0.0554
33	15	4000	0	-0.24437	-1.23272	0.53008	1.84559
33	16	4000	0.43	0.33719	1.901	-1.18248	0.10102
33	17	4000	0.04	0.6495	-0.11336	-0.74869	-0.224
33	18	4000	0	-0.68819	-0.65564	-0.32969	-0.14933
33	19	4000	0	0.69317	-0.69576	-0.7287	-0.27585
33	20	4000	0	-0.64929	-0.9191	-0.53478	-0.59901
33	21	4000	0	-1.12238	0.19651	-0.2429	-0.3219
33	22	4000	0	0.71279	0.73832	-0.63667	-0.98338
33	23	4000	0.03	-1.15036	-1.35577	-0.07019	0.15977
33	24	4000	0	0.3549	-0.07632	-0.26679	-0.31212
33	25	4000	0.03	-1.08734	-0.59299	-1.08196	-0.98799
33	26	4000	0.08	-0.1977	0.05706	-0.83524	-0.37215
33	27	4000	0.02	0.31626	0.9691	0.39599	-0.42248
33	28	4000	0.13	1.33476	-0.65042	-0.64283	0.49038
33	29	4000	0	0.29565	-1.19598	0.45711	0.06441
33	30	4000	0	0.82041	1.52435	-0.85077	-1.24093
33	31	4000	0	-0.58225	0.75161	0.22465	-0.08909
34	1	4000	0	2.18623	0.37441	-1.68897	0.04157
34	2	4000	0.12	0.6455	-1.0347	-0.74041	2.39062
34	3	4000	0.02	0.98231	0.33545	-1.39588	0.11534
34	4	4000	0.08	0.85179	2.31473	-0.21847	-0.03448
34	5	4000	0	1.6047	-0.61691	-0.78852	0.33946
34	6	4000	0.03	0.46481	0.40739	-0.80829	0.06896
34	7	4000	0.07	-0.5	0.40202	-0.91287	-0.76941
34	8	4000	0.1	1.40698	1.12642	-1.15696	0.09119
34	9	4000	0	-0.47006	0.3093	0.72886	-0.12873
34	10	4000	0.07	0.89966	0.22488	0.7553	1.22707
34	11	4000	0.17	0.63549	2.15153	0.60858	-0.14589
34	12	4000	0.17	0.85179	0.1337	-0.93914	-0.01648
34	13	4000	0.12	-0.10726	1.09334	-0.26511	0.54454
34	14	4000	0.2	0.77566	0.42188	-0.82168	-0.07764
34	15	4000	0	1.51512	0.39634	-0.72125	0.34478
34	16	4000	0.49	0.33719	-1.21198	1.03467	2.46282
34	17	4000	0.18	2.11086	-0.02744	-0.15632	0.50047
34	18	4000	0.17	1.2938	1.31421	-1.31876	1.69365
34	19	4000	0.05	0.69317	0.04093	-0.33716	-0.44624
34	20	4000	0.15	-0.64929	-1.16374	-2.30508	-0.5081
34	21	4000	0	0.75695	-0.25592	-0.3817	-0.11302
34	22	4000	0.07	0.71279	-0.52737	-0.18281	0.52618
34	23	4000	0.05	0.86978	0.73795	-1.04211	1.15108
34	24	4000	0.02	1.95196	0.65965	-0.77229	0.46399
34	25	4000	0.18	0.69194	-0.16535	-1.08196	0.14369
34	26	4000	0.03	-0.1977	0.33097	-0.30305	-0.03026
34	27	4000	0.06	0.31626	-0.59796	-1.50477	0.4118
34	28	4000	0.55	0.07025	-0.30608	-1.01608	0.85394
34	29	4000	0.13	0.29565	0.90968	0.45711	-0.20941
34	30	4000	0	-0.82041	-0.65583	-0.06544	0.35691
34	31	4000	0.35	1.3233	-0.15731	-0.26549	-0.57197
35	1	4000	0	-0.93077	0.02732	0.04826	0.84421
35	2	4000	0	-0.6455	-1.41674	-0.32393	-0.57012
35	3	4000	0	-0.55522	-1.09175	0.91834	0.17385
35	4	4000	0	-0.68143	0.24714	-0.84766	-0.18731
35	5	4000	0.07	-0.45849	-0.77611	0.54508	0.14022
35	6	4000	0.05	-0.92962	-1.43075	1.19849	0.89744
35	7	4000	0	-0.5	0.57587	-0.91287	-0.39905
35	8	4000	0.03	-0.54115	-0.34282	0.13654	-0.09868
35	9	4000	0	-0.47006	-1.41257	-0.71284	0.38523
35	10	4000	0.08	-0.76125	-0.50282	0.44979	2.27998
35	11	4000	0.09	-1.05915	-0.56222	-0.60858	0.18869
35	12	4000	0.09	-0.68143	-0.02946	0.17851	-0.02462
35	13	4000	0.04	-0.10726	-0.00824	0	0.45013
35	14	4000	0	0.77566	-1.01544	0.30163	0.02034
35	15	4000	0	-0.24437	0.42443	-0.72125	-0.60578
35	16	4000	0	0.33719	-1.16256	-0.29562	-0.19122
35	17	4000	0.27	-0.81187	-0.15631	-1.04487	-0.16845
35	18	4000	0.07	-0.68819	1.70115	-0.32969	-0.59514
35	19	4000	0.02	0.69317	-0.69576	-0.7287	-0.755
35	20	4000	0.04	-0.64929	-0.0017	-1.41993	0.02097
35	21	4000	0.03	0.75695	-0.70834	-0.93689	0.84283
35	22	4000	0	-1.18798	-1.09289	0.49799	-0.17949
35	23	4000	0	0.86978	-0.05149	-0.07019	-0.35369
35	24	4000	0	-1.24216	-0.76323	-0.26679	1.36805
35	25	4000	0.04	0.69194	-0.26799	0.2384	-0.1201
35	26	4000	0.1	-0.1977	-0.49075	-1.10134	0.84539
35	27	4000	0	0.31626	0.88662	-0.55439	-0.07564
35	28	4000	0.05	0.07025	-1.38828	0.85019	0.52983
35	29	4000	0.08	0.29565	-0.58645	1.20511	1.07794
35	30	4000	0	-0.82041	-1.29393	-0.06544	-0.47253
35	31	4000	0.02	-0.58225	-1.59062	0.71479	2.83471
36	1	4000	0	-0.93077	-0.43547	1.35118	0.65042
36	2	4000	0.05	0.6455	0.36612	-0.1851	-0.38788
36	3	4000	0	1.75107	-0.7075	-0.73468	1.39584
36	4	4000	0.06	0.85179	1.06164	3.87129	-0.35206
36	5	4000	0	1.6047	2.00992	4.54587	1.43621
36	6	4000	0	0.46481	-0.25747	2.45273	0.42498
36	7	4000	0.08	1.5	0.27164	0.68465	-0.38197
36	8	4000	0	1.40698	1.75084	1.68873	0.06735
36	9	4000	0.03	-0.47006	1.28502	1.30555	2.69915
36	10	4000	0	0.89966	2.04412	0.14427	1.04398
36	11	4000	0	0.63549	-0.0534	3.34719	0.39619
36	12	4000	0	0.85179	-0.11104	2.69323	0.0184
36	13	4000	0	-0.10726	0.2036	1.59064	1.62097
36	14	4000	0	0.77566	0.08651	2.17381	-0.16609
36	15	4000	0	-0.24437	0.22782	1.15574	0.24329
36	16	4000	0	0.33719	-0.66844	2.36495	-0.23458
36	17	4000	0.1	0.6495	2.29216	1.62079	0.19536
36	18	4000	0	-0.68819	0.46999	2.96721	0.09615
36	19	4000	0	0.69317	0.30403	1.229	-0.34589
36	20	4000	0.08	1.02032	-0.0017	1.6781	0.3343
36	21	4000	0.04	0.75695	1.51264	1.00629	-0.90573
36	22	4000	0	0.71279	-0.52737	2.31344	0.90564
36	23	4000	0	-1.15036	-0.15446	2.26239	1.52687
36	24	4000	0	0.3549	1.15029	3.77718	0.1535
36	25	4000	0	0.69194	0.17676	3.09917	0.21528
36	26	4000	0.01	-0.1977	0.60488	2.62399	0.97822
36	27	4000	0	0.31626	0.1031	3.56393	0.10361
36	28	4000	0	0.07025	-0.30608	0.10368	1.02401
36	29	4000	0	0.29565	1.24216	2.70111	1.1119
36	30	4000	0	0.82041	0.62038	3.46853	0.66509
36	31	4000	0	1.3233	-0.64674	0.46972	0.32701
37	1	4000	0	0.62773	1.87846	0.04826	0.66658
37	2	4000	0.08	0.6455	0.68449	-0.1851	-0.52897
37	3	4000	0	-0.55522	0.28056	1.91016	-0.21545
37	4	4000	0	0.85179	-0.00348	0.41072	-0.59118
37	5	4000	0.01	-0.45849	1.17411	-0.40749	-0.8057
37	6	4000	0	0.46481	1.50245	0.6968	-0.69714
37	7	4000	0	-0.5	-0.20645	0.68465	1.13286
37	8	4000	0.01	1.40698	0.97949	0.13654	-0.62713
37	9	4000	0.03	-0.47006	-0.66643	0.44052	-0.4682
37	10	4000	0	-0.76125	0.55841	-0.16124	0.15384
37	11	4000	0	0.63549	2.71689	0	-0.24457
37	12	4000	0	-0.68143	0.5824	-0.38031	-0.2207
37	13	4000	0	-0.10726	1.5594	-0.53021	0.03251
37	14	4000	0	-0.86692	1.42801	-1.19612	-0.187
37	15	4000	0.06	-0.24437	0.98618	-1.03408	-0.34134
37	16	4000	0.23	0.33719	-0.27314	0.59124	-0.38733
37	17	4000	0	-0.81187	0.10142	-0.74869	-0.32222
37	18	4000	0	-0.68819	-0.23353	0.65938	0.25103
37	19	4000	0	-0.86646	2.14576	-0.7287	-0.23561
37	20	4000	0	-0.64929	2.50585	0.79295	-0.71333
37	21	4000	0	0.75695	1.67716	0.3123	1.50597
37	22	4000	0	0.71279	0.44209	0.49799	0.55342
37	23	4000	0	0.86978	0.73795	-0.07019	-0.86736
37	24	4000	0	0.3549	-0.17445	0.23871	-0.53742
37	25	4000	0	0.69194	0.22807	0.01834	-0.54584
37	26	4000	0	-0.1977	0.16663	0.22914	0.17716
37	27	4000	0	0.31626	-0.68043	0.39599	-0.21508
37	28	4000	0	0.07025	1.51399	0.10368	0.49731
37	29	4000	0.06	0.29565	2.12875	0.08311	1.29179
37	30	4000	0.03	0.82041	0.40768	-0.85077	1.17115
37	31	4000	0	-0.58225	-0.43698	-0.51057	0.49959
38	1	4000	0	-0.93077	-0.89825	-0.82036	-0.32885
38	2	4000	0.19	0.6455	0.87551	0.23138	-0.69589
38	3	4000	0	-0.55522	0.60992	0.58774	0.77661
38	4	4000	0.06	-0.68143	-0.19144	0.72532	-0.79435
38	5	4000	0	-0.45849	0.57711	0.7356	0.52944
38	6	4000	0	0.46481	-0.53123	-0.55744	-0.41935
38	7	4000	0	-0.5	0.09779	2.28218	0.12671
38	8	4000	0.11	-0.54115	1.31007	0.39523	0.70077
38	9	4000	0	-0.47006	0.42409	-0.71284	-0.96187
38	10	4000	0.04	-0.76125	2.43828	0.14427	1.36088
38	11	4000	0.12	0.63549	1.07734	-0.91287	-0.48498
38	12	4000	0.12	-0.68143	-0.68211	0.45793	0.22348
38	13	4000	0.14	-0.10726	-0.30482	1.32553	1.61516
38	14	4000	0	-0.86692	1.28427	0.67607	0.3667
38	15	4000	0	-0.24437	-0.02497	-0.40842	0.61874
38	16	4000	0.16	0.33719	-1.36021	-0.29562	-0.7227
38	17	4000	0.15	-0.81187	-0.80064	0.73223	-0.27379
38	18	4000	0.07	1.2938	2.05291	-0.98907	-0.26048
38	19	4000	0	-0.86646	-0.16956	0.05438	-0.0992
38	20	4000	0.09	-0.64929	1.40498	0.79295	-0.05014
38	21	4000	0	-1.12238	-0.29705	1.97789	0.75448
38	22	4000	0	-1.18798	3.35048	0.04413	0.25261
38	23	4000	0.03	-1.15036	0.56634	0.70734	0.25679
38	24	4000	0	-1.24216	-0.27258	-1.02503	-0.46639
38	25	4000	0	-1.08734	-0.59299	2.87911	2.6615
38	26	4000	0.04	-0.1977	3.17962	1.02742	-0.89965
38	27	4000	0.03	0.31626	0.06186	0.0792	-1.10498
38	28	4000	0.24	0.07025	0.23502	0.10368	-0.26972
38	29	4000	0.06	0.29565	-0.42021	-0.29089	1.5209
38	30	4000	0	-0.82041	-0.54948	0.32722	3.89279
38	31	4000	0	-0.58225	3.16376	-0.26549	-0.45945
39	1	4000	0	-0.93077	-0.26192	1.35118	0.73801
39	2	4000	0.2	0.6455	-0.78	-0.04628	-0.77259
39	3	4000	0	-0.55522	0.22567	-0.40407	-0.97445
39	4	4000	0	-0.68143	1.68819	1.03992	-0.91412
39	5	4000	0	-0.45849	0.85571	0.54508	-0.29272
39	6	4000	0	-0.92962	1.22868	2.45273	0.57055
39	7	4000	0	-0.5	2.92283	0.91287	0.41629
39	8	4000	0	-0.54115	1.3468	0.65393	-0.77249
39	9	4000	0.1	1.22216	0.65367	0.72886	1.92961
39	10	4000	0	-0.76125	1.89251	-0.46676	-1.21142
39	11	4000	0	-1.05915	-0.22301	-0.30429	-0.09859
39	12	4000	0	-0.68143	0.1337	1.57558	-0.2738
39	13	4000	0	-2.03802	0.8815	0.26511	-0.37845
39	14	4000	0	-0.86692	0.37397	2.17381	0.45391
39	15	4000	0	-2.00387	0.73339	0.21724	1.16341
39	16	4000	0	0.33719	0.61628	1.4781	-0.53701
39	17	4000	0	-0.81187	2.29216	-0.15632	-0.2382
39	18	4000	0	-0.68819	0.54034	-0.98907	-0.86762
39	19	4000	0	-0.86646	-0.22218	0.44592	-1.0164
39	20	4000	0.04	-0.64929	0.12062	1.23552	-0.04398
39	21	4000	0	-1.12238	1.10135	0.1735	-0.32684
39	22	4000	0	-1.18798	-0.58123	1.85958	-0.49872
39	23	4000	0.09	-1.15036	1.32145	0.31857	1.87598
39	24	4000	0	0.3549	0.46339	-0.01404	0.10132
39	25	4000	0	-1.08734	0.36492	-0.42178	-0.91242
39	26	4000	0	-1.97698	0.05706	0.76133	1.16492
39	27	4000	0	-1.2018	1.67015	1.66317	-0.59221
39	28	4000	0.33	0.07025	1.51399	1.22345	0.32932
39	29	4000	0	-1.22485	0.85427	0.08311	-0.09817
39	30	4000	0	-0.82041	0.93943	-0.45811	-0.11942
39	31	4000	0	-0.58225	-0.47194	1.94015	1.4594
40	1	4000	0	-0.93077	-0.31977	1.35118	-0.21676
40	2	4000	0.15	0.6455	1.57592	-0.46276	-0.88067
40	3	4000	0	-0.55522	1.37841	0.91834	-0.8697
40	4	4000	0	-0.68143	0.05917	-0.53307	0.54971
40	5	4000	0	-0.45849	0.0995	-0.40749	-0.89682
40	6	4000	0	-0.92962	0.99403	0.1951	-0.23369
40	7	4000	0.03	-0.5	-0.07606	0.22822	-0.19145
40	8	4000	0	-0.54115	-0.56321	0.13654	1.85498
40	9	4000	0	1.22216	-0.14987	-0.71284	0.36581
40	10	4000	0	-0.76125	-0.59378	0.7553	-0.98096
40	11	4000	0	-1.05915	-1.52335	1.52145	0.4404
40	12	4000	0	-0.68143	-1.00844	0.45793	0.32904
40	13	4000	0.03	-0.10726	0.0765	0	-0.49945
40	14	4000	0	-0.86692	-0.10514	-0.82168	-0.38729
40	15	4000	0	1.51512	-0.75524	-0.72125	-0.55093
40	16	4000	0.46	0.33719	-1.55786	0.14781	0.12816
40	17	4000	0	-0.81187	-0.11336	-0.15632	-0.39426
40	18	4000	0.15	-0.68819	-0.65564	0.32969	-0.2736
40	19	4000	0	-0.86646	-0.06431	0.44592	-0.4741
40	20	4000	0	-0.64929	1.2215	0.35037	-0.57048
40	21	4000	0	0.75695	-0.3793	-0.3817	-0.72874
40	22	4000	0	-1.18798	0.09201	-0.40974	-0.17801
40	23	4000	0	-1.15036	-0.25743	0.12419	0.36975
40	24	4000	0	-1.24216	-1.25387	1.2497	0.4901
40	25	4000	0	-1.08734	-0.45615	-0.42178	0.79863
40	26	4000	0.12	-1.97698	-0.62771	-1.36743	-0.58837
40	27	4000	0.13	-1.2018	-0.72167	1.02958	0.79924
40	28	4000	0.31	0.07025	-0.35527	1.5967	1.73932
40	29	4000	0	-1.22485	-0.30938	-0.29089	-0.47684
40	30	4000	0	-0.82041	1.31165	0.32722	0.63815
40	31	4000	0	-0.58225	0.54186	0.22465	2.16093
41	1	4000	0.12	2.18623	0.89504	0.04826	-0.01586
41	2	4000	0.49	0.6455	-0.46163	0.37021	1.40799
41	3	4000	0.24	2.51983	-0.43304	1.24895	0.48574
41	4	4000	0.45	2.385	-0.06614	1.98371	-0.18923
41	5	4000	0.06	1.6047	-0.73631	0.54508	2.61959
41	6	4000	0.44	1.85924	-0.02281	0.6968	1.21327
41	7	4000	0.15	1.5	0.92357	0.91287	2.32535
41	8	4000	0.53	1.40698	-0.37955	-0.12216	-0.92068
41	9	4000	0.11	1.22216	0.88325	0.72886	0.41648
41	10	4000	0.03	0.89966	-0.83634	2.28289	0.69212
41	11	4000	0.12	2.33013	-0.39261	0.91287	0.50349
41	12	4000	0.12	2.385	-0.47816	0.45793	0.36715
41	13	4000	0.18	1.82349	-0.30482	0	-0.77536
41	14	4000	0.26	0.77566	-1.06335	1.42494	-0.17699
41	15	4000	0.52	1.51512	-1.00802	0.84291	3.0473
41	16	4000	0.56	0.33719	1.20923	-0.73905	-0.14245
41	17	4000	0.11	0.6495	-1.05838	0.73223	-0.0602
41	18	4000	0.34	1.2938	-0.79634	0.98907	1.0701
41	19	4000	0.52	2.25279	0.9881	0.44592	0.83219
41	20	4000	0.18	-0.64929	-1.2249	0.57166	0.2974
41	21	4000	0.3	2.63628	-0.87286	0.1735	-0.01236
41	22	4000	0.14	0.71279	-0.79666	0.04413	-0.62073
41	23	4000	0.24	0.86978	-0.94389	0.51295	3.31638
41	24	4000	0	1.95196	-0.46884	-0.26679	1.45039
41	25	4000	0.34	1.58158	-0.0114	1.11864	2.07942
41	26	4000	0.44	-0.1977	-0.60032	-0.56915	-0.68871
41	27	4000	0.26	1.83433	1.09282	1.02958	0.04468
41	28	4000	0.6	0.07025	-0.45365	1.22345	0.41234
41	29	4000	0.6	1.81616	-1.14057	0.83111	2.50275
41	30	4000	0.38	0.82041	-0.86853	1.11255	0.49785
41	31	4000	0.61	1.3233	-1.34591	0.46972	0.73408
